$ANSIBLE_VAULT;1.1;AES256
35663263363530383564383332306463363834326135633335626339316236313132666332343564
3766656237306532633439343530363437376164333031390a636362373730663532393337623231
35393439366362353266646334376634663839306231333662303937663430663137646362386662
3236386533653333390a303239393331636363356634613962356332303732623837323939326266
35613531333465633036653034363961633238353563393966376663386234313334373331623236
31326139643937313938613838313534376534373063313030663261306565646234656433396138
62303632303864373736353437653635633334653733326266386531313238316336393337323263
30376337353966656133653330356238396164313661623166346563323731313238393831636337
34363736346539306363346266623061353833393530346263316538613534633638336333383036
36323935313931336339633635396335313230386364643138356139633538633931306532653464
64323634663265373362386339643636393962363865363139393165303863346136376365633130
30313933303038613832313030393833656561666232323166633063363266643365613461313963
39623963353830326263616334363662633036323061383237636233303263656431613434343736
34353839396331323934653033633964393764306464333236323730326334356564383237396238
62613763393537313466363531643233333961343239653336393462666339316264383436303063
62623537633661353966363339386234313061376461653934636365643764623731393532633266
35353037303864373132623063623464356436363235666362353335356131633037366661633966
66366333333364656230623965613662396264313230636138363337396262393132323337333762
35663935646435346638653266356165643865366434346464653166303537663566643435343739
39396132366537656638363365343130396561333863356539366333353731323631646237306338
37363462343464386366333761633235653930353039313262626635346563373866623433613835
30613365303966323962666538656365613231353735343737306334623364646430353135313939
30663733373831353634396238316635323339366331656165633837623138383265313761613631
37656432653164353430343030623032316531366131356631623932366136326530623832353739
3263
